1000
887
1177
1365
6
1847
1627
1091
1947
1027
1846
160
34
1737
1832
1632
1880
737
1545
32
817
1038
1630
1352
1343
780
97
504
650
1345
860
1373
1766
301
253
11
1698
1308
1889
1969
1765
1248
1611
554
785
57
842
568
1730
1311
1577
313
611
392
1396
419
1044
38
397
1189
744
375
1871
1481
1296
1439
567
794
1784
163
1500
1706
438
220
1665
1722
1768
1100
1
1137
1175
1985
1986
1042
1285
100
292
137
1664
691
1921
1740
735
1900
1148
107
1652
676
977
259
1945
99
936
213
1089
93
544
1211
405
458
403
170
992
1147
757
23
476
1714
1828
1733
1140
1488
1006
270
546
449
856
1161
1123
320
1298
1935
1480
145
1238
258
1682
1139
1431
1709
296
175
1473
694
365
951
1422
1788
1196
1273
333
1835
1469
796
74
1269
431
928
1819
424
1677
1007
1423
940
1820
592
1102
675
1016
61
633
60
1544
473
1132
761
659
890
1240
1693
1056
1048
803
851
1408
1122
925
574
1759
1618
322
415
1045
525
774
238
1782
640
696
1392
651
485
1329
224
763
254
196
1463
1207
486
1341
1157
311
1381
1780
1511
879
106
1721
673
1214
1152
7
1443
1787
1067
1010
1510
75
94
305
1092
312
1767
893
1678
1783
272
169
1301
430
83
976
1095
1956
1656
708
582
680
734
219
302
1288
741
246
444
229
488
1687
809
798
1741
1428
1173
1547
222
1447
267
572
35
198
834
861
571
460
1878
681
1816
86
1581
717
1584
290
112
972
171
1795
595
1893
1672
938
935
589
1243
1300
1499
1566
661
1367
73
1002
884
644
552
1105
1236
261
437
233
1657
1503
1435
804
1120
418
1805
895
1523
1061
1576
1727
1731
1964
835
1230
1668
1303
120
1603
1868
1021
243
186
1769
19
517
1528
401
354
1257
656
703
247
1785
1358
1745
1513
1841
1732
758
1278
234
1872
48
1037
1978
1210
1715
760
1823
1834
1565
1031
231
478
1894
193
724
1967
978
1911
1429
1940
983
578
1660
1064
1401
24
309
1291
967
1317
1562
1364
1387
372
1903
1571
331
657
335
1515
904
1192
497
1272
181
342
1605
1641
1670
165
470
727
704
307
912
1905
283
499
1772
22
330
687
1585
1307
1165
435
1013
1734
1279
467
98
710
1997
1131
1860
1003
1388
1891
1695
507
858
495
1109
1073
613
764
1723
1172
518
614
139
1612
204
102
1099
133
1239
788
1886
384
1592
743
1616
353
127
638
362
783
294
868
1661
1713
221
248
1053
1957
58
1854
545
1433
1076
445
771
989
617
919
1287
1225
1650
174
1877
1680
1533
1873
1754
173
1833
1369
720
1883
1826
1939
1924
1119
1459
1949
76
1623
1974
1645
1817
1052
996
1573
1892
469
643
1087
891
1355
1655
636
959
596
974
1400
1168
200
1098
1839
719
1425
847
318
900
1063
149
1069
700
1859
157
1325
522
1200
1336
132
701
240
516
117
451
396
759
1450
1561
126
1999
13
1094
746
1019
950
576
1282
1135
1882
394
1375
1334
154
299
1155
767
1615
1649
821
245
1813
1113
1204
885
514
1697
1744
404
826
212
1895
456
1738
91
1595
1014
1666
1261
1494
1394
65
268
702
242
559
1897
1915
388
560
714
1244
1453
1395
17
1313
352
551
1018
310
1504
770
498
1129
1062
1144
37
1711
483
1563
1379
239
777
350
1276
1036
1628
402
1575
201
1918
62
340
336
1330
792
501
1776
1349
466
14
1965
512
506
27
428
874
369
510
610
1599
432
1033
329
634
279
658
286
199
1620
1988
1803
915
1318
1827
1857
1790
144
865
1203
1259
984
1212
281
1862
523
303
337
262
1205
999
205
1696
1251
81
96
421
1753
1260
180
1074
1437
1237
414
1404
1800
214
1235
762
1621
1159
1215
1879
601
1507
1181
50
1902
1258
228
1011
555
1150
51
813
474
1520
1702
1497
1252
452
1445
997
1097
209
540
1405
859
1314
1390
869
1662
1461
1950
716
786
1896
505
1774
1998
1960
1717
1996
407
269
1337
1179
1626
338
679
705
1671
707
800
593
731
1246
1993
304
1356
1518
689
1227
1419
971
946
772
1441
1586
327
1427
1838
811
463
1385
535
278
1430
343
1979
1968
806
359
1564
194
1030
1770
1384
1454
377
549
1958
494
1421
1912
653
748
446
1206
964
1959
678
815
1024
1700
1856
1853
382
1932
533
1751
41
18
226
1247
426
131
406
1701
1719
1625
1716
1170
1127
537
1289
779
454
922
1648
36
374
1068
1413
141
271
185
1270
1009
511
465
1540
1217
1378
92
753
288
164
822
140
1638
1681
1852
155
356
1340
730
1406
722
0
1025
152
1937
1901
1412
1890
1478
929
558
913
158
1916
1414
697
1472
1568
1370
1093
1976
1253
1792
1498
1110
1117
162
227
1057
1587
119
1578
1569
937
1654
698
1786
830
178
236
1617
1418
1864
104
954
903
550
1778
366
472
1004
843
161
316
188
623
1647
945
69
1457
1870
413
110
1582
400
807
733
1637
1112
598
363
1197
1266
1624
146
956
1363
849
1050
77
1622
487
1409
1229
1663
1536
1474
713
553
1529
326
1023
998
751
647
637
941
172
590
1910
1193
1720
1049
1811
1614
441
1538
819
829
1028
1072
1530
1865
1176
347
459
1640
1096
628
1222
1331
880
1043
1078
648
773
1130
15
1256
1962
609
298
1322
177
1402
1169
836
1114
325
1326
79
136
768
411
