10000
5769
18399
13314
8235
16148
18780
13869
2028
12240
1325
6798
3295
12995
10834
12655
19955
463
4181
19927
4701
5263
2537
6247
1757
15320
10988
11385
19040
14906
13031
5057
11130
1887
6154
9709
10665
15304
14035
12647
17111
1813
5158
5551
18934
4027
19347
17859
14691
8525
10676
4728
9349
533
4398
10335
620
12985
17549
5475
12692
16440
14250
8871
6241
13388
8870
8267
6787
6152
462
1733
18193
19353
10806
3114
13775
2727
5760
5444
15018
5682
7764
19674
11191
12854
16487
19309
8602
6281
6294
5271
14075
762
7625
684
17839
16178
4498
6170
6999
372
19661
18554
1629
18976
13470
19691
13382
15770
19699
8327
1695
7989
6750
17397
19956
1653
3216
6565
15753
5960
7796
19348
3679
10853
10957
14020
11087
6895
6587
3846
15723
18161
7188
7537
4929
1762
7980
2217
5721
9856
1743
923
18324
9654
16772
7837
8301
7351
2761
7504
18201
7266
9179
18975
15912
2942
4013
1471
5603
17981
10221
18575
8686
13850
2020
695
15749
10236
19828
11306
2560
5843
9849
9413
5168
19864
7243
10479
11585
12174
2520
3385
15960
1829
18507
2462
7795
19114
9057
16015
16411
13233
5235
15452
10152
16313
875
19304
15599
7381
5614
15834
15250
10993
2631
19988
9594
16019
11245
18449
6682
14940
12897
10887
15632
19206
5134
11653
485
10596
4170
2643
13929
14502
1137
6582
1498
756
18479
5898
15547
18896
148
488
11519
119
5054
11712
13661
5374
18709
5277
11546
13302
14920
16998
1189
14089
14642
18040
14483
18013
15513
14414
14441
4878
2443
6523
9392
19989
18784
3757
8000
14949
3517
17673
17719
5194
15757
5203
9825
8106
2215
11621
3375
2341
6829
3924
8577
3671
9768
16048
14143
19762
3758
15457
19289
13894
5310
4077
5196
12923
6657
5391
15709
8659
13832
15903
11677
1610
5074
15502
12133
17399
4004
6248
6521
5386
9840
913
17735
19438
8273
5674
8966
18918
748
2937
18641
13101
13930
17387
14119
2512
17744
13275
10550
6567
12175
13593
5038
18800
19498
4967
6636
10118
7671
2693
18803
4735
10037
9582
11532
1449
12299
15639
8814
5678
7050
12749
5078
6450
13424
8409
7981
12593
4705
3196
16583
6052
7886
3733
3328
19514
3087
16600
9886
6913
16586
12502
9300
7580
2220
4185
15610
8651
8428
10022
1239
14952
2380
7579
13498
6534
8473
528
4986
14674
15592
1016
6362
948
13561
15742
7785
5324
2197
7323
5047
17585
2875
6099
11624
12811
15533
13595
2545
9129
2098
9576
250
18111
3898
14872
12838
647
13933
1397
6547
4808
13836
8496
10455
6929
11573
13992
5189
18940
5406
12803
19688
17838
2359
12145
6373
3850
14126
8251
4132
6012
9791
7651
18082
13611
433
15953
12185
6095
10782
17568
2715
18281
12143
8821
18074
8030
13446
6692
10484
6933
8318
11560
13486
8209
15811
4369
468
9832
3610
1508
18556
9348
17558
10093
7524
10632
4272
7735
8342
19346
13809
3587
6308
10969
11687
5997
5163
11727
18956
9931
17330
12734
5348
7023
10154
11948
10621
15074
2957
15448
9070
6505
2400
13628
19322
6658
7507
19339
652
7845
17821
17426
12122
9412
14498
15032
14436
8429
12559
15775
17428
5412
10362
6498
15998
19852
10436
16183
11710
1501
792
5229
10686
6956
19019
13356
8143
19079
6075
1657
1772
10744
19730
2993
5916
10975
99
266
4207
1818
3273
12503
3806
18847
12076
18018
17324
15134
13501
18098
6057
19201
19606
197
9003
9132
1852
1492
17812
5663
18719
3379
4753
19505
13398
943
17079
16180
4838
5808
2566
1430
13689
5974
7592
10395
18057
1342
14096
9605
12180
11228
10140
11630
7974
11360
9588
5994
3156
787
10891
9640
9021
17656
91
13807
11017
19597
10091
18275
5675
1097
17674
14527
17089
14078
626
17657
7056
18837
39
17827
19786
6902
13176
3590
13257
6495
5242
18118
8019
14986
4530
6531
14646
329
18665
17011
9002
17835
16535
8139
16244
6934
17370
2741
12735
18828
2429
9337
15170
12392
15156
2838
18430
18496
2470
15391
5154
2079
12184
15000
1961
9103
13353
5382
12892
15229
5690
265
123
13581
15999
14615
13783
7929
14419
10339
4073
9178
2303
3543
2389
8018
17049
9065
5617
4615
5193
18108
3158
16996
14431
7249
13677
19127
6351
6163
18317
12697
3974
3384
6088
6508
9131
19937
3211
3070
9409
7445
3420
10950
4673
5867
7356
10627
7426
286
6181
674
17107
12440
2219
2230
14268
4746
8028
17087
16259
8879
8546
10598
13410
16206
14301
10877
13587
16631
2474
2464
12582
7618
13633
15096
8743
21
9424
1140
7163
10941
19651
11504
10144
17969
16797
7536
9490
17907
12702
10851
6306
8816
7932
17442
12671
11965
5643
15983
8207
8794
6264
8185
5971
18480
3783
2900
18184
7956
2650
6755
19395
12970
1200
13266
17350
7181
5647
11871
14285
13520
14336
17293
5813
10508
4443
8932
9524
8389
158
15881
18322
8456
7848
9566
8462
603
10181
19752
14585
3281
8858
4755
11323
9379
9511
12344
9787
6979
11896
18169
7236
19711
7554
2533
16086
17604
18678
7933
0
7813
13915
9869
6949
1805
1048
15085
2046
11792
237
3746
15883
502
17000
11263
6438
14982
10403
15104
1939
4875
6892
615
19502
18830
7245
17745
476
13073
8088
8791
10382
1360
19178
4393
12477
2467
10602
1490
19373
19992
6297
11244
18426
1664
12209
3055
1462
5268
1503
7987
19034
19925
8417
18175
1667
1548
19533
11910
4565
14945
6851
10100
16829
6836
12845
13391
4721
17154
8894
1880
2450
17343
4693
12904
5323
2555
14905
10677
8017
15487
2235
13644
18626
6671
12409
6422
3688
17831
15607
7797
10805
9183
15269
2085
16070
14088
14462
4797
3842
8590
8420
12493
634
16118
18951
14784
14984
12543
13981
16857
6961
17096
13559
15013
5748
5781
5842
18011
16897
18425
19837
10360
14352
1012
15236
3526
6019
17487
14270
18421
19199
17753
15649
5723
289
11521
1240
1830
4382
1722
15801
19261
13222
7379
4771
16997
14806
18804
13726
15514
1108
5503
14685
15797
5167
3376
15037
18981
5217
6814
16389
5304
10414
985
7110
15377
5285
2764
6266
16592
2011
2330
5447
560
5844
2370
11643
7553
1052
9180
15790
18004
2663
1563
3365
7661
4247
17098
5835
12048
14452
7217
2487
15542
4626
3568
10218
11158
11056
4864
6128
8863
12853
17527
732
11258
8851
3905
11182
9738
15142
18569
14094
11916
13555
1232
15407
17977
12363
16402
4367
12737
2855
10406
17139
7792
6859
17308
7053
7435
16606
5399
12625
588
4433
14295
9435
3299
403
15803
12062
8725
2844
12380
19941
12920
2655
828
14969
13900
5161
14619
15931
14076
11386
13478
17848
10110
17743
3554
6406
14354
4390
10720
17769
9529
8756
4867
18966
9027
11453
14985
2837
14493
16982
1191
16268
9996
2586
13002
17115
12348
7920
16107
15415
10714
9429
6894
19331
4200
7511
13023
8768
1168
11743
1890
997
7924
9099
8646
9256
15187
6244
5845
1676
14537
222
8307
12820
6043
1635
229
1317
16270
9159
4164
15985
8738
13517
5799
14358
11954
16894
11164
16124
15730
4689
4014
661
12035
2367
8702
14006
19806
8332
16058
6885
10963
18734
11707
5625
9569
17525
6842
13673
1038
14093
8508
5860
426
16890
11831
2353
3813
4803
5543
17774
16872
1673
16219
5119
15488
14182
12676
12769
15130
9195
3100
10725
15286
9165
15430
9055
6065
859
10109
15526
10205
5676
13253
3702
13473
5195
11218
387
3942
18122
14962
16974
4271
9893
16879
4029
5434
7937
18441
12197
6590
8655
11070
16194
2829
7976
932
10843
10417
8112
4395
9152
17615
820
9660
4557
11881
15118
6046
10086
17461
12542
11694
11579
15017
14512
9188
10179
16177
14330
3922
2146
18644
9372
8293
18692
2612
3264
164
13377
10316
10681
14670
4953
5618
5573
6718
6903
16564
10376
6736
18428
1058
19386
4963
19406
3103
5758
18807
14790
9643
4564
17569
16029
245
19898
126
7203
7896
8198
13394
4323
726
18663
1713
14179
12415
2505
6260
18723
12617
14639
4321
7195
10102
9273
11493
6079
12947
11742
19834
1212
15984
12196
14138
3547
156
10701
3545
12113
11273
7758
13942
16489
9366
10855
2501
8065
11486
8452
18113
18069
7992
13937
3387
9897
13570
3771
10923
3948
5713
8951
16134
12360
5066
8270
14348
11636
12439
17418
15598
18997
1188
17455
7962
5436
19350
4811
5372
9766
18572
14870
8567
7029
19039
7985
15851
5850
1219
18601
19534
15980
17542
690
15829
2352
16878
15789
12618
10320
8573
17988
884
7086
8043
10964
15888
17878
12511
19780
14938
10021
7816
8504
16281
17381
9624
11230
8812
11287
4362
18303
6267
17786
4358
16285
18682
14873
7477
6180
9482
3871
6716
2081
8275
14107
18820
19138
8391
17211
9301
10434
19619
15862
13110
14916
482
19983
18499
6393
18455
10257
2102
2681
7470
16754
11552
1542
11918
18630
16232
17557
15808
8713
15315
10438
6271
11312
1467
6148
16945
6006
2551
1719
10202
7105
9538
2908
19282
8997
9058
2039
16444
3925
7696
18839
19732
6423
2609
16024
3057
1561
12644
4962
14284
19829
15016
13801
14152
18634
13902
17219
1839
8226
4643
11608
19692
15347
320
14165
6644
5511
19682
6761
15174
14144
15123
12254
7636
7274
2791
3313
12757
10532
16241
17165
18977
15565
16423
18072
7004
18336
7834
12608
666
9833
12744
4586
14240
5852
7208
5415
11980
6321
18925
8634
6942
18282
6490
893
9764
8705
14492
793
6365
7149
6070
274
19587
17393
12231
7927
14856
11225
16071
5825
5403
4409
10505
2035
10306
16338
3097
7481
18958
10685
19979
15853
8673
14550
7913
15042
4296
19005
5117
18348
1035
19240
6878
7350
8604
14884
9321
12834
19382
11514
6024
13261
11105
13612
7277
5488
714
470
19668
9338
11693
18671
6566
9977
3815
2323
17840
14281
9844
6464
16453
920
10801
13729
12470
14742
3079
6520
19090
8413
7295
18209
11176
561
2063
17857
2918
14045
19468
6819
12204
1376
6797
18190
7246
12304
9694
18718
10358
18971
3685
3594
12835
19042
17811
19709
6072
9247
8464
9601
13872
14041
16350
10472
6757
16927
19183
13831
14668
18392
4733
2114
578
1323
12962
3067
15057
12220
2778
4017
10927
5104
11434
9661
14814
6597
7391
2484
14955
1907
371
2209
17162
621
11977
11790
14717
3327
5198
7353
8684
11247
5880
16812
1821
4648
2936
8506
7972
15209
16847
4607
3161
12784
15727
15179
5673
3132
15516
12859
9468
3797
18002
14804
13686
9550
3593
2567
17362
3748
7603
17133
5287
1918
8730
9867
12421
9773
14948
2924
7926
17067
13713
8523
8799
5661
1081
2280
9022
14643
19343
5583
6699
13858
8855
441
4853
13529
9534
3280
13844
8847
993
15950
16080
16925
16034
8432
17472
12903
6737
9983
12662
15988
10531
19633
16570
17302
2213
2415
9385
18207
17603
6866
16978
18133
13500
6850
2882
1331
14077
2033
16061
16138
9345
11013
4885
12657
9900
7339
2006
9702
1658
10244
1195
11250
16853
1789
16145
5210
17095
11065
1520
8194
6726
13771
8970
1715
9293
18062
10580
15546
18255
8685
15873
16574
4872
15351
12549
3263
7212
19139
19948
11811
3832
19760
16585
19033
6251
19313
3410
186
13657
19677
9390
17160
4061
12358
9400
3641
14198
12210
8220
2641
18771
17611
2909
2667
9084
18491
32
13098
9444
17699
11290
7410
6544
17854
9846
13088
4887
13859
15434
9944
4704
13733
7196
2073
12731
4154
8408
3600
2510
14221
12681
7071
15178
15216
17751
17210
2818
15242
18768
13558
1024
892
5704
3599
13102
11317
1926
18494
4877
3118
2981
1954
2733
18465
8891
18752
2969
8114
17690
12651
15887
3083
19803
871
13295
1714
19383
5249
18773
15855
18041
9837
5913
11926
12188
7115
11874
1141
4562
17296
13400
7158
11004
294
10111
1041
4148
12833
3673
6501
9105
19453
416
19231
10978
15684
9160
12307
1584
17351
18048
4767
4674
13359
14380
5130
4506
10872
18990
6635
7743
248
3681
7154
18284
18347
7723
5476
18702
15007
16891
180
2847
13622
13281
12342
16091
3573
13718
2793
235
12635
10442
1745
13399
5729
19528
16010
15287
12667
4934
1378
5395
12497
9693
7548
18744
6935
7540
15892
8775
1439
8483
10668
8765
10460
4566
7186
8555
3322
4012
17252
17060
3489
14961
6888
6936
10788
10298
17562
5012
2824
8558
17053
3577
3113
7375
12507
6093
8490
1979
16211
9683
9213
3635
17254
9905
17754
15540
19433
3947
1465
17227
3017
3524
4866
9118
11957
13994
846
3715
12341
17006
4245
2441
16051
8118
9991
2563
4948
6514
175
18278
2244
18109
9324
12464
4109
17715
10906
386
11822
8362
14346
11809
11450
12160
6650
9559
18173
19655
14970
12490
8256
14874
9328
14783
2652
19291
10214
12101
13904
6225
8982
19977
9462
12870
8596
7662
4873
19110
9578
8822
6516
15761
18267
18474
10554
5417
11061
2282
6665
8254
18481
1883
19800
1603
3417
4494
3061
3895
16304
2625
19529
9604
6612
10072
8310
1500
7964
8345
17309
3930
18439
19820
8248
3505
2492
789
7810
7172
7621
18712
13373
5197
19245
12629
4449
675
12551
15974
1663
18483
17183
12072
13567
6283
280
11558
3142
19624
5336
9904
4829
19229
16811
947
7784
3972
4157
17245
18834
12255
2621
4761
15563
255
18256
11785
10188
10055
19970
14582
4629
13599
16198
15449
6675
7562
3460
12037
19743
16825
548
4336
18376
15161
14868
19580
16467
8878
1131
438
16114
15846
11060
2879
8839
7262
9088
13537
10652
14325
12191
2302
6428
18146
18967
10822
239
1257
10567
18552
7486
9650
17463
14635
15151
16903
16431
1170
13888
1998
10302
761
2005
12827
8046
9770
13993
16151
1236
3809
16734
5556
4708
6610
10261
17239
1700
1559
17243
6187
18105
10838
4682
12787
2017
2068
3749
9000
5367
613
7084
4064
781
19851
8016
10501
9852
1226
19885
7085
6779
4258
12248
3794
14241
7412
19116
8069
12750
4997
16455
2798
7179
18801
16461
6959
1769
7152
7663
19943
13940
14116
17451
13703
15157
2719
5541
10639
18251
7999
2321
7468
14209
8361
8787
16854
19990
11675
1754
16705
5432
8013
13151
18202
10780
754
5416
9154
8440
4590
14899
11678
10032
15781
14052
11661
11891
3259
4441
9626
16774
17341
5547
17167
15249
2208
12649
8142
5298
19330
2082
17956
17742
8916
16578
14229
1152
8175
2242
19194
16159
671
11952
14803
14376
18531
9792
9173
939
201
18922
1121
2524
12091
4801
6588
13608
7772
18291
17642
1092
19685
227
13907
19214
8478
7032
530
19512
19226
12724
1441
16472
14012
13499
4016
19779
7488
12935
16831
17967
17513
19959
14726
1917
19995
1863
7788
19284
9010
18045
5013
17415
1094
15560
18204
9363
11369
17186
10583
10079
15365
9519
9339
9504
12284
14344
7843
3129
7747
15916
19868
14634
19204
642
1747
16549
12427
14914
17826
9817
238
17054
4396
9901
18189
16708
12670
801
19058
9560
17678
8497
7185
1277
5181
774
12971
10998
9397
13019
3991
2062
2018
9729
2384
900
2620
8179
6525
576
5504
6360
11586
5589
5319
352
12217
19520
10209
17508
10491
18120
15129
19143
8727
16286
4150
1721
3095
17276
17813
9008
9631
401
18446
15343
15951
16766
16000
6334
8172
13319
16059
19646
10880
17333
221
3193
16520
12533
11775
19789
14461
5010
14886
11197
13964
19573
10457
19681
16230
4616
19001
8909
17024
16427
370
1060
14278
13549
4311
12789
16494
13430
5131
5262
10248
8631
6376
2949
8444
1362
18732
8571
2154
19543
6060
18112
11872
15471
7401
6574
17240
8475
15907
10582
6628
9288
18833
18448
16147
14699
8613
10059
8300
14606
11758
5339
12781
7766
2871
2983
13287
7800
3164
10916
8853
1949
14379
2394
18475
11886
4955
4375
19281
16649
11395
162
7720
6008
18935
14383
4945
16628
8936
6392
10027
18028
1206
17723
13134
5456
11127
14195
861
19481
15975
8718
2137
9450
9647
4171
6909
16135
11458
5146
12590
17436
658
1703
4784
17113
17982
18785
16960
334
18797
4302
1974
10864
16843
19813
17446
12130
18636
7317
11448
3605
7782
18903
9571
7522
16559
11391
7168
5912
8762
7744
2104
16589
18276
10734
10432
14489
7781
654
18620
6217
17830
3713
3110
608
7371
18143
797
16670
2819
3101
18511
18087
358
4305
4326
11002
14243
6927
6536
17237
14459
16969
18503
13259
8860
14334
395
6009
282
14467
17560
17684
4671
409
9545
16188
11330
12505
17290
6752
1878
7383
5754
15098
9265
5439
9074
4420
17099
19352
4860
7811
10802
17714
10590
12370
2889
16023
17422
1377
8161
8421
5225
207
18926
18864
3354
12622
15368
10496
19607
3781
13214
1666
4493
13979
6396
19826
11997
19187
8742
5571
1560
2707
193
15237
9365
2019
12420
17241
13349
18915
9354
15505
9896
18851
2714
11620
655
7840
11219
1967
6681
2264
19745
15257
4556
16011
4480
4092
14918
14194
15314
8897
9001
9299
1210
8399
13600
16636
10120
17780
11361
10976
18335
4406
13804
3723
8652
10966
7691
5091
15077
2769
19569
4649
4427
16123
5757
18582
4868
12885
4576
3188
17325
8052
8842
17649
6976
10107
5493
9939
6279
19798
3249
11908
1849
2687
11140
13439
8699
1369
14838
5807
10914
16972
5885
9344
962
9095
9525
9823
3492
13183
3377
14616
15623
16116
9035
646
5469
7313
14147
14036
6178
5914
18535
15993
13247
11334
9515
44
4195
9928
5132
10555
1208
11917
13385
19067
19770
12320
11569
2271
13345
1216
15205
9215
19070
18073
5731
1144
4709
5362
11281
19825
17488
8509
19810
16701
13182
5314
7771
12444
2299
14617
4436
9691
6299
11605
11823
11234
6848
13474
16474
9553
12338
8902
5733
5381
2145
12836
10226
4280
7310
6727
16850
7906
6783
3909
2730
16694
17100
6605
12411
4252
9039
18802
7414
10716
14641
4614
13067
1506
7823
18343
12390
4021
19150
10613
17140
18302
14593
8977
13476
547
11193
1149
1771
8488
17732
12137
15473
1053
540
13225
9239
1374
9477
15631
105
10025
17824
12798
8740
13467
18872
4891
9060
8960
6815
876
6724
5389
10106
17253
6971
7402
4182
8541
3873
16921
3886
4123
7737
12418
918
19173
3680
3223
62
18917
6398
16768
18103
8071
8893
17909
8100
12066
16477
9395
12606
9483
7174
2371
17392
11167
2947
7529
5096
2845
2578
5458
10979
19522
2107
3891
931
3987
13862
1310
5981
12761
5725
4980
9924
12135
5817
16491
5570
17572
13180
12939
7868
14279
16966
19595
9004
8760
14360
9855
4320
7877
14602
6595
2679
15614
299
8734
701
6925
3159
12941
778
6966
1394
10796
5185
11321
17355
17548
1838
13435
507
3109
4165
14081
11112
5526
3135
15327
4842
16483
7983
4158
3614
6564
19203
9156
15386
568
3213
1207
11755
13772
331
14086
98
7996
8859
2074
13421
13512
5707
688
7469
713
4646
13118
9712
11719
15191
987
596
3154
7075
10708
11971
10852
1321
16899
1281
802
2184
18478
11611
8611
12495
15425
13032
13294
10572
17836
10504
7493
2428
10452
6965
7869
6872
9878
17275
1612
15871
8908
11382
8221
10954
1811
7700
13810
12404
12355
6443
9425
5542
8387
6117
15158
342
16084
6458
12921
14613
5388
18846
12034
12207
18586
19345
18226
7015
1199
15071
2171
11699
19854
12131
4716
17497
11280
4329
9717
5706
971
18928
14426
1086
12382
10004
11683
6381
6527
3597
15508
524
6807
5777
12080
19417
18684
14578
3054
4208
7627
7895
16349
19521
218
3310
16536
7689
18755
13687
17423
6811
5243
15569
11456
14842
3425
12267
6810
11523
8011
5596
7020
18379
18170
19889
1741
11931
6827
12538
10430
18152
4140
13326
19750
4815
18947
18326
19744
3656
9114
10277
425
3666
13799
2194
10297
13646
15845
18115
15005
13018
1290
19014
17941
18746
16913
7748
15465
13066
19010
10943
10818
2186
3124
3867
15124
10789
13912
14430
1034
13494
9757
18244
15562
16171
1611
7400
13947
11561
48
8319
19411
19145
16449
3584
14531
1614
4166
822
1002
15745
10763
4725
46
4113
15305
4266
17004
12883
11459
1258
11986
3575
3023
1578
10461
14862
14860
16265
18588
16152
16594
9780
19443
9063
9858
3619
12302
9336
13756
4696
7030
6325
2989
9246
8357
7736
16068
11469
106
13068
8155
5385
15165
14889
9489
15897
12706
4179
9258
11344
10149
16189
13416
5938
15478
17506
5233
6035
13192
8856
11770
1477
16426
8138
16658
9510
12682
8397
5872
9629
580
6920
285
4359
19392
6166
15704
6950
3141
11864
3465
10412
5365
17622
788
10949
17555
4863
15463
16113
3935
6094
17458
3849
6653
9984
715
18263
3975
18579
11572
6198
4467
16733
3571
11021
19271
14443
14976
8153
17564
15073
19791
17068
5303
7954
3438
15712
11644
6828
18757
5368
19537
17532
19454
15196
1570
3380
18381
3663
18501
13005
10956
16926
5743
14812
1084
11348
9795
17371
10867
6143
2488
17200
4932
14583
15115
2784
17882
3852
6208
531
12609
10743
13871
5538
1063
12578
12339
9719
13272
4854
906
8759
12673
5838
17120
7679
14901
9033
15224
13820
16127
15384
14736
16845
17177
16404
9019
11974
4218
8582
17621
7630
13408
6741
17312
14114
11440
17496
17190
3537
4690
19764
16345
1981
1220
1892
3423
3617
4658
16513
15554
6964
4547
17173
3227
11253
5744
7583
7424
1193
19705
8366
12119
9252
7538
5094
15374
139
474
17843
8700
11903
1455
4062
6034
15395
1906
5698
4888
10056
3307
14580
14453
2093
6561
17748
16143
18706
19953
8032
936
10576
11094
11944
16481
6539
9965
2787
2931
8298
19585
7646
13624
14460
8545
5201
5952
13282
7257
3750
4018
5662
627
16906
2024
9866
15594
16523
16595
17055
1390
13927
3978
10016
15989
7587
8190
9872
1587
12745
16412
1711
8352
12413
5983
1009
3182
11220
15791
15528
11309
16365
16593
13040
9668
12528
4910
663
1072
15090
15393
7367
19238
10240
6830
5136
19867
3021
5452
1712
959
6007
14576
4719
6317
4034
10212
17366
11686
1765
4826
18762
18821
8183
9994
11109
15500
2591
17730
11902
16820
19724
5247
15283
19247
11587
8206
7940
12297
10623
14472
10694
15967
14321
15427
14048
19278
18729
2385
19966
2892
10651
14506
17295
4023
11237
735
13998
6341
14636
15676
18685
17702
14214
2859
9828
8514
6467
5039
19384
4782
18211
18490
13037
11067
12571
6216
17579
15389
1973
7664
3777
10551
13972
10695
14650
4525
7311
872
2539
8225
11016
5681
14061
8296
14744
1364
13766
9862
14624
1766
12223
7299
5987
1518
15868
1278
17457
18440
18609
1289
14238
7716
889
11510
1671
2205
14704
973
19123
16396
8795
8415
5793
7746
19704
16390
19299
19167
3279
12030
9892
17691
10150
16364
10959
17676
18639
15863
17001
13503
9013
19053
10900
4227
5621
7907
17818
1135
10558
7917
2363
11793
5366
13609
11160
13527
19857
12932
11850
14826
10058
15600
10272
19335
8360
2796
16337
6168
1618
5999
1648
11278
14836
19301
6028
2369
8171
5502
8752
16900
19106
6889
12168
16374
13823
11637
17090
18164
15052
9028
15293
6290
3986
11409
16384
18700
9231
7786
16816
4432
956
18581
10892
10977
4151
11978
7790
510
590
10592
12753
500
11035
18645
14034
2016
15456
3792
14110
16450
9699
19407
11584
16941
6415
9217
5498
10158
6040
2376
12986
16779
10564
17534
13867
1120
8060
10846
19870
178
6130
12808
784
13090
9568
7252
12111
12492
17894
3827
11031
18699
16003
2338
13878
2461
14710
9066
3368
2841
6459
9332
1812
17661
1879
10274
7472
7103
3323
18385
3862
13426
9302
4206
5953
6762
3427
15464
6161
3431
3808
14304
17103
8180
16571
18890
10755
7259
7104
13199
10510
15273
7041
5726
11106
15602
19294
2010
7959
12594
3116
3206
8778
6621
16428
18563
15728
2460
14008
14499
15014
10190
832
1021
4563
5224
9006
17938
9380
6127
16761
7349
10200
17844
11139
4675
1000
7759
6538
17820
2112
9112
15338
13590
4381
10288
3864
11851
1454
6897
14612
14513
6277
16660
19414
6551
4183
16106
3235
16896
2629
9815
12924
1654
224
3902
10260
958
2816
18946
15947
18166
15103
10128
4958
11213
8663
7874
17979
16743
4159
16681
5226
8339
18969
16609
15373
14185
3318
17773
6000
15624
4234
4461
7588
8223
15418
10429
4515
2480
1834
6734
3531
7921
10478
10831
14251
1564
17352
2105
16498
12115
6953
3352
13932
2422
17244
9552
2914
3720
6707
389
6369
18680
4617
11893
15341
9308
9335
11055
11026
7897
9926
19548
13390
10901
7319
17869
728
6601
10353
13552
11773
18543
6429
2297
15847
8090
2974
17712
7970
14663
1677
19473
11711
14025
4993
3835
8959
8241
4161
455
11724
5862
8239
693
4548
15933
11015
3878
12982
18693
4233
4282
9700
15437
12405
15310
2503
1623
2243
7656
6033
6137
385
12797
14863
4627
11279
9422
13563
10736
1582
12512
6440
19011
3755
9221
423
8374
8302
15556
16410
16343
810
2436
11745
8240
17036
3919
7293
11083
5165
8584
1679
12817
10930
4836
6292
17431
5886
5120
6875
19017
2328
2754
2216
18243
586
10475
7765
16055
2383
13905
19985
5460
10393
9367
12508
5044
8588
4695
15131
13276
10797
8674
10581
1502
16214
5067
13042
19527
14231
19593
8137
1826
3208
13583
18014
11224
14215
19560
12650
7676
17278
15076
18603
14785
16744
3123
3668
2851
5214
10101
13965
14177
11377
1042
7177
14409
17331
9803
7322
18178
14487
19883
18874
1
13197
16499
10620
5518
14810
7128
7599
9911
10263
6126
16066
18451
13824
4906
14559
12385
1282
8120
1143
9857
8918
12955
18766
12098
16944
18914
3936
14574
2839
1486
11865
15861
19006
19266
2738
8343
51
13324
10394
7778
11984
14228
10148
16099
17721
13194
6377
9655
12144
8386
13808
8703
11597
12963
8422
8629
5683
16271
4488
8447
17920
17192
1647
19147
11198
10175
3337
14682
4729
2040
19940
18200
8154
13827
9956
5393
19259
11861
16712
8167
11084
1643
18513
5230
12705
12251
7838
18031
8952
5486
5641
122
16077
15266
6599
8733
4848
17553
19774
14897
8233
12611
6549
13069
13278
2615
19794
1142
5473
17932
11690
4229
3525
16803
5590
4543
3578
1854
607
11849
13792
7107
14237
12569
1569
9355
15462
17144
9399
7532
11779
11452
15859
9087
3204
4314
13672
14024
5459
3153
665
7704
5634
3126
8277
17842
12023
16196
7819
10921
1853
3348
8650
9190
12541
3333
17357
3480
11972
11217
6503
13284
15957
3296
508
5089
9461
6002
2041
19293
13764
6853
4847
16958
14801
17142
217
9473
13055
9860
466
17313
7613
10568
12526
1936
12317
16065
610
8134
9281
2828
10809
3977
16623
17305
1326
249
12465
6123
14723
1303
12092
2319
11260
11618
9402
13828
4102
19085
71
14398
8035
13879
5390
6188
14350
10213
19648
13604
6136
2731
19095
3430
7418
16924
4662
4058
13747
10663
12461
992
10275
15574
3626
5905
17025
10097
3507
519
7143
3546
16892
9656
18097
10710
8348
234
7975
499
8253
10155
5204
18195
1064
7951
19368
15361
14541
4511
1050
11578
14429
18653
13093
2284
18962
6634
10089
6540
10600
17289
11840
11099
4438
18992
11152
4601
19538
3013
2161
4000
13308
393
6571
6359
17851
5528
3985
3252
3004
12688
6480
4303
18456
4796
11913
16642
483
8874
8331
18432
523
9703
6509
18395
13045
10861
2095
18835
15667
6618
16874
13663
11481
4718
6555
8826
2538
213
6818
5019
5080
2857
10295
672
2884
5636
14935
17701
14311
13485
19378
5227
3371
1823
19283
17204
12039
13984
18659
9286
15119
633
1690
9080
15367
1987
8597
8667
9226
662
13051
14843
410
7712
13405
903
76
839
1982
3036
12407
7827
2726
10960
14561
8817
17228
2809
19494
2898
5222
11445
15335
1458
14747
819
467
9041
16541
18389
13495
472
17728
14056
11722
3780
2099
17066
7263
13016
11898
14444
1379
994
6510
2001
18607
13516
1753
16087
16638
14533
3268
12972
4809
13240
9464
19911
6053
13536
4446
14827
2056
13794
3740
14167
858
19510
14809
1251
13743
15279
18454
15545
2345
14003
10746
640
13720
13330
16157
12672
5552
14959
10669
867
14821
3415
4210
6238
15348
4691
10409
15116
10164
10739
6384
2301
7123
3233
2414
11824
15748
17778
11798
5806
15383
16471
179
12156
6291
15510
5095
3904
15987
7281
8290
1886
616
990
9442
8862
11335
10738
1794
4015
15480
14009
8096
10375
866
13631
3293
17292
11889
7206
19196
4969
17737
475
1860
8964
8624
9255
16554
14727
18435
1964
10169
2917
11001
17729
2888
12779
6343
8605
17727
10637
2446
12996
13086
4595
18621
15110
16297
16289
14312
12224
16470
4758
5984
12006
5550
7515
9614
1270
18264
7225
4857
17972
13636
15288
10130
5257
12999
9245
11927
16912
9320
4097
9895
90
11949
16161
9581
6654
10511
9130
14494
7803
19849
10615
16253
14010
16625
10931
9513
1295
2848
12353
2899
5333
13456
12878
2664
10753
2521
19316
8481
7602
1106
8901
19400
10481
11214
17763
19838
6164
7667
7289
9208
3194
2553
11982
13024
5396
3228
8212
6910
4198
9539
6295
13012
13961
8890
19402
12216
1361
10958
9564
17694
12782
2398
13602
19878
19063
11645
10254
19235
1179
11628
9642
12393
16639
1996
4137
9493
826
5108
7717
6078
14792
13957
4555
15507
5363
19602
6617
13574
7958
1527
14936
12044
7702
7620
7134
4203
8780
18649
3028
18805
14131
9111
8458
13817
3270
18612
9521
18936
17885
14989
16844
5421
5015
13203
5710
10136
18458
2396
11089
7994
11104
6759
8379
17465
13427
10017
8057
11534
5607
14319
19818
18413
10595
10256
8875
10698
6742
19853
16005
14924
10283
13224
6962
19949
15584
8414
18892
17050
18571
8347
15657
11349
2298
10633
3396
11895
4799
18808
7695
3968
8928
11932
16971
529
5046
9827
15054
10319
8864
11799
7074
3008
80
17784
2806
13402
8638
3131
12531
10899
14590
1739
277
9658
18294
6469
17179
15330
8868
8092
1339
18877
4291
1923
10522
19212
14191
7966
2138
11354
14788
8924
17229
16419
13038
15184
10642
18406
4267
8390
19582
19439
1037
14232
16405
14203
4712
15901
19490
17466
17767
17194
9212
16992
6465
6319
5088
2618
13865
6738
606
3426
13034
18673
12447
16815
8662
17637
11778
5749
15333
8542
6029
1517
3082
7909
3260
1804
13015
805
16867
1807
3591
12285
4455
2445
18230
4259
15826
19136
19558
3672
18194
14428
9964
18128
19054
19653
4644
12968
14277
4961
11688
19839
4028
6259
3627
11008
12109
13120
7851
1345
18664
15262
4855
16798
17893
19559
11000
5207
10338
8396
2014
17320
10284
17832
10371
19082
1478
6740
16075
1479
3256
5595
3865
6232
14234
3358
7013
225
5812
12519
18020
3812
5027
19032
10768
17137
14028
8116
1091
6638
6055
8006
7619
12085
13847
8513
18991
15454
6023
19804
8531
9975
12572
9558
7116
11080
16718
19486
15642
16256
4143
5384
8125
19891
13936
3150
18533
9056
19931
10385
12975
2758
15875
18861
6554
4764
13154
8781
2175
11415
4510
13755
14808
13264
16182
19544
1181
18373
8450
2673
3304
2759
6354
2326
19616
3801
1554
9157
4992
19081
13513
9069
702
13138
13623
19951
12237
10989
8061
8040
17495
18529
6494
13234
2399
4539
18730
15137
7878
704
18296
2447
7479
15643
431
268
6753
6214
591
9137
10924
7571
14019
4304
6182
5273
15551
7063
16556
9196
4376
16530
9845
12901
4660
10868
7484
3710
6100
14021
7890
17101
11657
5474
15952
7215
10264
4587
17385
8867
11095
10492
19015
9934
10105
13381
4405
14004
5239
4553
8761
4067
7733
18400
18160
10525
3189
18370
11246
17627
8104
2868
6132
16235
19267
10547
14592
2660
267
10082
17934
13352
2749
18546
14991
2948
18739
19323
13969
5901
19551
7740
14947
780
13201
18384
17218
1831
5536
2885
5919
16167
9505
3324
2045
13462
4922
4814
1448
233
18005
10999
2115
1894
9616
3134
8215
16464
11564
13732
6577
17940
19930
1099
10794
888
10365
14310
747
4152
27
3278
18616
3983
8831
3959
15743
3045
11433
19566
3043
10473
4792
17185
7396
5719
12253
3091
18401
17412
16889
316
689
16849
8745
2712
17235
5422
18508
9007
291
3825
9420
15033
998
1032
14156
16525
2783
15695
17623
3624
12456
18905
17081
14830
16540
19305
495
16846
17002
3283
13761
9164
9687
19210
14754
614
16341
18047
1250
15911
9618
5958
6939
7192
5705
7309
19036
4819
12414
9470
3609
699
6379
17680
16720
18051
7439
25
3527
14217
14770
10973
12083
7204
8737
10454
4688
15878
6680
4125
228
4570
15138
1844
4843
19842
14015
7458
6220
14226
11389
15618
9548
220
11497
1276
19807
8833
19181
14401
6772
538
9282
15899
11659
19972
16100
11868
13140
12286
10980
15776
5184
10384
14983
7478
31
18212
185
14741
13361
14885
12416
17225
6474
13286
14476
18394
6841
6987
9232
14653
230
10087
10410
10808
17057
15524
14501
12436
3540
17064
4634
8077
1280
13704
6846
2965
1707
15303
798
13511
13509
3122
3888
10129
14064
16490
13123
824
16418
9728
17772
19410
17321
12818
13116
498
2304
2525
5228
9891
13690
15541
15066
11079
7846
13207
16385
15044
7607
4120
6189
5927
5531
12664
3261
7003
2395
12117
13193
8025
13696
1785
240
6013
10972
1516
19354
10469
13530
770
19113
9842
9096
10965
4431
3251
7839
10932
3344
1018
13079
17612
7209
19903
16901
13157
12931
13950
17923
4334
18353
11782
290
10307
1800
2632
196
17212
7828
10625
13260
6799
765
12029
17287
2853
18377
12164
15840
3341
1859
925
14026
10912
1774
3564
8502
7919
17310
1076
7399
3529
14335
7675
14062
13409
8004
17013
45
927
1186
18778
10267
10225
11780
18460
18330
7654
518
13198
14412
11595
16940
8849
5380
6748
19539
4508
807
19634
13147
1784
13914
15481
9593
9959
5209
9962
12089
11650
16479
17272
10485
448
5995
3294
5873
6431
4661
4592
15848
4056
1004
18666
16726
12828
14103
17156
19100
10047
19629
17445
8263
2113
3326
3224
2991
17072
17207
17886
11353
12774
13242
2990
17580
18565
2419
16371
8089
2720
15311
8093
14633
3800
11315
11656
17247
2672
19541
11679
13290
373
3174
3472
17797
11475
6414
7914
1456
5986
150
15143
305
4732
7076
18897
6795
15469
16810
10159
16522
17130
10747
19131
3830
16822
6311
9706
12457
10948
6246
14820
13591
8527
7321
5827
5770
16911
8451
15799
1451
15936
10740
7762
4603
17236
9266
14894
9474
5659
3027
1128
14063
19918
5139
14326
16355
8589
3394
4108
10322
19254
2000
18850
14833
5350
14622
13178
8524
5113
2360
5917
18368
12560
7101
12032
81
2823
6860
4619
17567
5170
2785
16085
5206
18165
19958
17390
8416
6005
5782
11921
16757
3225
19627
11359
13050
5532
16141
15319
8242
14980
18827
1566
11580
14837
7952
13946
2157
434
3906
6452
5737
18492
12909
2966
19667
11137
6975
5778
957
3172
14
9377
12206
6463
18512
2826
19126
17127
6293
18080
13397
10465
19713
18791
336
14662
19450
4322
7668
13939
19553
7238
1885
6945
8285
6083
13975
2266
16294
10014
13922
7567
12990
9528
19895
4310
115
4542
9169
1899
1528
4593
19016
7832
15849
2916
4425
14922
4283
13136
4912
12486
18640
4096
19055
18252
7022
13113
1999
4044
3692
14647
17995
9204
15966
18229
681
11816
16222
12535
5900
1953
10617
101
19603
16719
17015
12747
8770
10450
14517
11419
6061
15409
13429
16308
18859
19763
5876
18033
26
16788
17281
12601
4991
17282
1937
18829
4450
4440
19023
8435
19821
6843
878
3892
18875
14822
2858
9142
9732
13683
7738
8315
7947
9254
9720
15997
271
7449
8045
4484
17958
19659
12925
12521
13395
10141
7187
96
14085
16710
5792
4589
5151
4349
8493
17104
16037
5353
5114
19102
17121
7250
4787
1028
10905
12346
14934
11123
13668
5317
8381
15227
16630
1036
5736
16277
17852
6835
14895
5479
3522
3931
18577
16318
6948
6546
16557
12340
3346
15318
7001
5428
11613
18567
17624
5059
11665
18708
12621
9679
1942
14299
12501
2955
2412
1775
7802
13472
9219
16442
1514
1356
14932
19768
1530
380
4700
2608
2894
11877
10672
18819
465
2697
14264
14084
13973
8965
16502
17849
19942
14644
7644
6533
10917
14058
17962
13765
6685
14447
11092
16044
8078
5840
6668
1882
19844
5978
7409
11609
17157
13331
11633
9235
15561
16205
16855
7229
505
6451
5791
2642
19664
6407
5437
15166
10112
4031
9575
9583
15053
8147
16732
6955
9261
3197
5424
3753
18909
2237
2387
4763
18661
4094
2263
2867
35
8937
2740
7276
13358
16215
2411
16862
3853
14677
9327
11168
10737
68
2971
6861
13829
1136
16021
4138
13211
7756
12468
13923
69
19535
17746
7253
2265
3646
9921
1910
1474
14139
8049
5996
8850
2267
14134
7175
6806
1698
1308
15112
11068
14503
11518
2718
2117
5657
13457
5032
1916
8477
9577
6788
13011
17358
5100
9452
13693
13780
2582
11544
6038
8059
16434
12243
14290
9283
3683
13227
18924
9434
16108
13342
14258
3929
11666
18242
8697
12467
8075
13251
13833
12849
2489
7285
7598
16686
10946
14859
17347
3542
3497
17992
1003
8843
6569
16346
5127
11442
4827
18137
1846
4519
4534
17406
12949
7518
3257
8250
3432
692
17575
13169
4982
10772
12481
8995
2779
17771
2617
13620
4817
12451
19020
18238
7362
2300
3468
11268
16509
16999
3165
12616
5129
16775
12866
13025
3041
15978
13802
18560
15101
18288
8166
14387
2309
14921
10814
8012
14413
19057
92
7122
11933
6833
4521
4401
15641
14768
11915
12016
6174
2695
10762
4546
19969
18984
13812
14510
14322
17931
15111
5149
12586
4052
10124
17816
10526
8401
1583
9600
17610
7492
2960
19029
9049
16090
12270
13434
15702
11859
6683
14831
18825
5980
10951
5970
17062
7366
6747
19790
19308
6091
6852
78
12743
17266
7901
1283
7473
4684
17648
11438
9401
4100
6063
14708
1033
4679
11765
16172
14721
11276
12103
6906
5274
8186
9684
6011
12946
2636
6765
2756
6816
5858
13280
11732
7327
14625
12587
12978
2979
12624
9851
10487
10503
330
6805
3589
2624
2148
17356
8376
17146
5288
2656
19012
18225
16614
18549
18378
5716
2959
6416
205
11976
15321
1275
3342
9625
14523
7251
19719
16192
14359
3051
6643
10553
3104
1521
5510
6237
16424
16915
6249
17402
3389
19795
5308
8468
4301
1952
7739
7513
6131
18696
10359
11588
15962
17128
14375
10419
17063
853
18775
15331
8676
8639
15264
8539
1539
19424
12687
6483
4264
3046
1259
12858
2133
11547
13170
1585
13497
9848
2543
16319
648
161
12273
14355
752
3076
7632
3899
7420
5423
9776
2929
14554
11562
10660
13618
15354
3928
13489
16017
555
9993
19310
341
18721
16584
14799
2651
10323
15717
19933
4430
17635
1935
19151
2786
8286
337
8996
4552
11100
6089
11310
3669
2239
4996
10726
19725
11749
10671
17187
12100
1489
9692
13868
4306
14282
12871
5649
10833
3916
13711
18321
13482
216
19509
3493
15375
12422
3549
9715
17866
4862
14173
11157
13949
1827
2100
13109
13329
18217
15241
16039
4071
19182
12776
1104
4168
17474
6794
6265
2801
12257
13659
5906
13146
12194
3717
4681
8054
9541
4447
977
8424
7659
16875
13415
7060
3456
8556
8205
19144
12880
14188
15504
1792
7526
12256
13845
869
6477
8337
3136
18141
3080
3962
9486
6242
12195
7459
7031
17384
5922
4469
5866
4663
11806
435
6491
11337
8289
1551
16378
4710
13007
6032
17583
15228
10036
8671
10871
18504
19592
16783
1857
10114
19237
5448
18402
8272
11421
10135
8148
16088
15466
19561
9322
1881
3077
1944
19209
2713
11457
11802
8288
8324
19405
8516
6155
3435
3725
16199
1163
4187
1976
14242
705
9859
5482
19252
13971
13303
1557
11625
2684
200
19078
6133
6274
1375
10825
16678
4871
18280
16050
2599
13108
8920
19892
223
6793
5823
5293
7140
12831
18898
6517
17316
18142
11212
13638
5907
13191
6790
5472
11839
15267
10781
1642
6988
5584
11764
15323
4520
19734
11147
8219
10344
13006
3958
19419
14053
7844
12642
18879
8276
2361
19370
13344
9937
19572
6623
10364
2513
1484
4047
18954
11744
11738
4896
17711
12907
1358
12203
8769
17919
17038
17619
456
2576
4994
11878
15828
13292
17378
5557
5171
7220
18679
12857
15097
18185
13853
4236
7612
10198
11478
16796
6803
17951
6492
8314
19120
13515
9723
11899
13149
7102
10647
381
15435
14305
15163
10517
19026
18260
2143
2874
7130
4035
16209
9119
11045
54
4503
13338
5369
13273
12305
4414
15371
9794
10029
3802
13107
49
12553
16473
10996
15275
8766
9094
9341
6313
2506
19298
7982
12607
16886
16931
4426
4560
14049
2382
344
13156
14384
4502
10289
16305
2261
4825
17757
19621
3214
18155
15918
9854
8922
11498
16358
1459
18241
12699
1218
16237
53
6470
15031
6355
7570
17042
9957
6899
14390
600
12005
2768
3291
2048
8005
5354
6350
5340
11468
10827
3146
17647
16392
9809
13496
14888
10156
15683
11968
14178
17768
7146
2128
9046
2589
17283
12613
16527
9698
18814
3022
17822
18476
19065
5882
13891
13279
11769
8512
6691
6849
16676
18464
9819
15060
5008
7628
15977
13565
12354
15173
8234
13548
11947
16269
6497
3848
15910
6820
4126
9455
6453
15778
14917
3007
4558
14473
14943
11269
14070
6484
13009
1716
12325
12711
17639
4652
19679
13816
8610
17985
6222
8829
11702
6921
14261
8203
12176
2709
5708
14926
885
9923
15954
18397
17147
16750
3509
1842
12331
11566
5325
16531
2357
5975
2542
10879
9441
16204
11145
2344
12364
16699
6269
11540
10735
131
6062
15691
11940
3603
14569
10810
10471
7768
1990
17337
14265
12679
19225
17484
3787
7753
15313
15218
5237
17903
5684
6461
3997
8824
6589
18792
5594
12408
19614
3807
11900
16495
15559
17012
16985
1117
6159
3686
15724
11654
3712
19413
12395
10296
18061
13165
9250
8377
17434
11378
4549
3927
1659
17383
19061
1005
12233
18887
4785
18197
7155
2476
1624
141
11271
17795
10222
10870
19912
17377
1300
8665
13995
13849
2253
10874
2212
782
15824
13944
4374
4921
16716
12748
9106
3766
2486
7267
311
12271
9500
17594
17917
6535
16964
8772
8695
631
15431
8559
10321
14772
13414
19555
19041
19487
19575
19118
17339
19652
13502
19142
1537
17031
5814
13584
6110
3016
6375
10777
18423
4881
4231
1683
10048
10165
15337
4068
75
10206
1491
8476
10886
7861
12984
2214
2036
3202
13691
14055
10441
17510
4741
11950
12310
10251
2374
18268
15995
17638
7002
7352
17530
6649
17403
7178
12449
4527
14450
18559
1692
2200
15872
12423
736
6471
17328
685
9197
4636
8562
6144
7879
10287
10420
16508
4424
11958
18434
15461
17974
19008
6342
11750
14509
12722
10936
451
6881
14161
14484
12391
8316
4517
10223
13952
1242
12981
1921
1470
14627
3338
8184
18477
2420
1351
18502
4876
8228
19858
13432
7485
2893
7491
6928
933
12694
4145
3441
13021
16641
4999
15440
8630
10841
11467
3185
11124
10815
19890
5989
6719
19963
14011
12529
5828
5071
19793
2840
1248
2052
10331
18982
16339
365
4177
15773
19680
6425
13514
17829
1301
15167
11797
9296
19814
11011
15329
13745
375
10330
4149
11602
4524
16884
7343
13557
14361
18711
5650
6499
253
11660
14761
14475
19570
16348
11876
8944
14435
11283
12279
1709
5179
5834
1869
5140
17539
9194
18698
8334
9936
19662
3660
3372
4460
9617
19470
16620
12202
5065
13737
19676
18617
11023
2580
13615
6363
13148
1115
11238
2747
10882
9110
14547
3220
17845
13640
19693
16588
16488
6252
844
7125
10985
8614
734
9458
18959
18386
12472
19491
15735
5256
17373
16388
13484
7500
16627
6039
550
2270
13776
17597
17016
11362
10178
19329
7144
6041
4191
12377
18986
19274
10268
7872
9189
7918
18525
5347
6506
11058
1405
13215
16012
19610
10299
7530
13959
8320
3272
6914
4394
9234
745
7775
6486
9988
13996
15674
8299
757
3900
12685
13339
19358
12388
15626
8592
19
18415
15941
15970
12851
160
6593
6713
13815
1349
4960
12394
3462
9523
3721
9790
17810
18121
1172
18307
1946
1007
13137
10700
16422
11151
4625
16656
3499
10609
9271
594
6439
3563
3093
19914
7131
4849
15785
14913
6954
8784
18
11107
9623
10856
6090
2881
7403
4944
17650
8121
15617
4526
17360
406
11134
6404
7016
13852
5677
11447
10678
1153
10078
5244
300
18104
12068
17523
3729
10477
7126
4475
19422
8517
7270
18842
18471
12190
10065
13097
3521
6357
12410
9020
1372
17577
1347
12810
19432
15515
6782
9133
8657
6329
1908
982
1466
19767
10758
15971
7296
15806
7945
6353
10467
13417
19540
5945
9781
12725
7121
14434
3921
18257
14105
11476
13340
17710
19565
1157
4118
3583
5485
2336
3219
15350
6409
6194
12636
15177
13607
18883
13370
6998
14331
1365
11731
1031
13171
10249
7147
11941
14239
17596
4274
13603
5264
9807
1986
8578
10618
18770
19856
10459
8494
14193
5001
11299
3970
14160
1132
10081
10151
3311
8532
302
5703
16691
5530
11291
3428
3658
17862
16383
9620
6169
2607
15604
8433
1978
16613
384
19906
16938
4892
1591
6670
13204
12158
545
8694
18403
4621
4676
15444
18250
13982
13983
11305
15458
18980
3253
7572
1352
14992
1316
4038
952
4354
1328
19045
9785
4504
19623
13425
19430
4033
18295
4260
16169
8039
9310
8720
3819
13597
1130
10721
19761
13096
10705
19751
18983
4500
5070
12516
13167
13010
4499
19171
7336
2278
15699
16409
983
12350
19588
390
6613
15654
12700
11324
1324
8599
12260
19831
17134
17082
17570
1905
19152
13637
16201
1929
7235
4059
1730
10703
6882
7779
11723
4131
2927
12712
8735
18309
7883
18199
16225
18387
12057
3012
15991
10545
13216
19333
8491
16756
11144
13553
13412
1960
2247
3782
11884
3184
7431
11266
4051
15629
9291
11172
10804
17502
9633
10462
18409
3574
8967
17975
15784
15913
10012
4485
8950
19038
12295
11576
14275
11911
19205
18205
7218
13126
6932
9415
12656
17999
13404
17131
6631
275
12604
1575
19673
5138
14776
10008
14560
3851
6140
18590
18393
18783
7527
19250
15765
6411
536
15231
709
8957
13669
3475
2699
12522
18350
2527
630
7231
2332
703
7591
15239
10121
14416
17609
13999
13119
11961
16400
8101
11535
15818
3805
10907
13556
17634
4209
9810
8692
5972
2856
11857
8321
19276
10909
3247
15039
16478
14556
18418
17299
19727
16282
1473
5124
7443
18297
4241
14130
3823
13649
1299
763
9843
18187
8955
12431
8990
9835
18369
17899
8404
4805
3923
4907
15544
9241
18025
4908
15810
7106
314
14775
7413
3719
16287
18656
14001
11830
5525
15422
8115
4859
484
15867
1426
2189
1893
16443
651
10096
18841
3355
17257
14366
972
15511
2706
14654
19362
10533
15484
11132
10638
2622
7546
3145
2031
10224
7227
7780
13369
19021
19372
14111
8848
7258
8800
3062
12445
6968
9941
4225
13059
2890
13092
1798
19448
1744
3047
7726
3026
10749
3401
446
6370
7934
8287
10399
13986
11956
19626
12292
3363
3065
5291
16027
8484
16707
9666
10845
1593
8929
17169
7558
15566
3332
924
9573
4119
11592
8406
4069
318
19420
12328
5915
13508
9319
7455
15874
12308
17105
5561
13813
13315
15746
14797
691
1319
14120
19962
14875
3754
3094
18084
1313
7564
9166
17517
3144
3620
12374
6924
14118
16882
919
6233
11501
13177
17205
10997
12821
1315
3693
15802
17900
56
2427
11009
18086
5060
2274
14445
13442
7714
13413
6696
996
13934
6018
7836
12151
15938
17828
14307
5576
17493
9748
2596
7386
8913
15317
18695
11275
5508
17945
5750
452
6338
11233
16468
2830
6074
799
7271
16553
3877
4379
19819
50
991
5106
7616
6227
6624
6146
16320
15880
3289
8627
5236
6812
8311
17498
4316
17126
1702
6254
6684
15688
19515
5358
15121
17863
9526
18615
687
2499
11973
1420
3058
7694
4605
11190
1026
3086
2177
19987
12728
4567
13089
19598
3010
15870
5879
951
14516
4883
1630
5040
17363
19459
7090
15197
6916
18916
2654
15635
7745
975
5462
19672
9145
12079
9330
2842
1386
8788
6015
6020
3695
9030
19442
1592
16323
2925
7812
11880
4622
19069
6383
18216
13706
10000
1268
17181
12102
6886
19936
18970
19542
13523
353
4507
3072
9727
10779
2210
16334
13990
17978
17475
2386
5861
2686
3314
16809
11229
17766
11414
13585
8394
9777
16191
7324
9967
11394
12186
517
9072
4054
9865
11091
12723
18271
9899
18287
15856
11892
9537
5950
15522
13680
1294
9127
7314
3392
10858
3945
327
8245
9999
17817
8793
14536
8111
19312
677
18470
14628
13748
2968
2088
4399
14565
9950
5553
1577
1197
18555
4251
6129
11322
2954
11215
14079
13826
13582
6473
8563
12386
10766
9253
7073
5269
10067
15141
3381
10612
14700
1066
5768
6701
5411
14263
11222
14782
1305
19920
6796
1672
17659
7461
5005
16387
9186
3557
13100
5449
3457
14230
16342
13790
3661
7233
10204
556
19628
1166
5147
3618
8876
16020
4458
9804
9652
3075
16629
3388
1272
2116
13291
1825
2129
2986
19640
2013
15501
14308
9870
15135
19409
17441
883
6578
11293
16240
9798
16302
11615
9885
9520
9391
16548
1256
6891
9598
2725
13396
7988
6366
7010
3180
19435
8480
10813
9497
89
11717
12632
1525
19872
143
3616
13641
9533
3330
2057
16041
16597
5694
6436
12509
1382
7119
7300
7284
3343
809
7496
11821
657
12141
19255
17456
10099
639
17027
17696
4631
13916
11331
1912
13447
12157
13350
15095
13547
12228
12566
18259
16758
8533
1114
3239
1598
14584
10237
8402
11302
16948
5021
10707
4139
10770
12532
10636
10146
1543
14529
904
5276
17148
18462
284
7
17322
13135
7342
19285
8467
8585
5966
8586
13072
18382
12956
9427
4561
10080
15636
5467
14903
18949
10974
543
4155
8819
8405
811
7326
15133
15756
9075
2468
16354
18798
5837
15201
15579
3024
3724
1900
5159
8645
16047
18973
19712
18124
10659
13896
11499
16968
8515
18646
19766
17551
19683
17417
2946
110
16598
7358
18611
6485
288
11477
10771
2037
18614
2432
18196
698
5292
16425
3866
6276
3292
2978
7301
9393
17618
10139
1182
16675
786
16740
12908
7039
3339
11042
13128
2268
2167
3173
11404
12683
9615
4947
16979
3500
10142
16674
1655
13963
7111
15139
17315
11210
3099
12868
19492
808
19202
13723
14210
12275
10042
14638
7885
10859
5863
2587
11987
3011
18888
13521
4410
1750
16591
9774
428
17152
13870
11919
9864
8026
13070
18046
18628
16014
6385
14406
10215
3230
18818
13572
10233
10103
11025
17663
19488
12539
2530
4169
12326
19398
494
18091
15932
6219
7657
14511
9147
66
16736
12473
843
10911
15211
13908
3654
11567
12802
5856
4496
8919
2547
7058
12896
10523
16852
19836
5762
10657
4990
984
8783
5600
4973
862
15292
587
8020
14050
13781
2392
16492
2746
4942
667
8907
14689
9680
17265
1971
8434
10675
2611
19706
5322
16792
4290
17267
16682
3494
10561
6071
1605
8593
19866
2996
11093
13506
17913
1198
17692
5859
2044
15622
17636
9705
2797
7533
15494
3678
11003
10601
9167
1966
10219
1947
15299
5963
9949
256
8649
13629
5337
15664
10895
264
13840
4575
4189
9185
16782
604
10593
1469
15543
1568
5186
4647
16871
6865
5728
3143
8906
15648
15068
9089
3555
15841
7398
18416
11320
4175
4516
10440
14757
783
2226
17141
840
5034
13343
11929
12899
10934
8606
14567
5307
15898
4596
3859
15896
9743
854
5155
584
12598
11408
5640
19292
129
16395
15079
8423
16025
11286
14095
17005
19216
9342
12523
18327
7355
16053
11314
2639
2358
13948
19415
15145
12362
16518
4638
5430
4686
1399
19184
2465
4633
14339
9148
8846
12707
9144
2799
13892
14033
11502
16648
14910
8681
13228
14611
4861
5544
15986
15243
18077
10826
19811
11053
8471
13229
6637
12727
14117
6179
10968
3955
19357
3255
15127
11195
5926
10540
10197
1415
4008
3611
16476
5312
16519
9782
6205
254
16446
15726
3684
460
9602
2397
12187
10875
7569
9724
10489
3714
758
3306
17070
5299
3033
17163
15937
3736
17897
18450
10774
10661
12454
18032
7902
5846
16332
5918
15740
8834
8836
14649
1526
5221
8926
15909
4807
14589
18528
2091
9478
2854
1523
10786
7693
12043
6481
19976
4715
4007
6139
18070
4079
15536
14846
13709
8654
19805
14392
1532
2185
11767
8632
1965
323
15864
16870
12491
9657
9834
16868
11664
12524
1736
19777
18333
1011
2413
3267
4147
12108
12028
5904
12763
19332
10812
14876
3556
10630
8036
896
2808
304
1284
278
16018
5212
73
12767
11208
15587
12059
16555
19865
9567
2329
1150
18239
2552
9104
2259
5265
6482
11761
6185
15088
12680
15517
7892
17327
11527
7138
6475
18092
14640
1749
6562
12448
15281
12238
11962
6689
8216
19146
3199
13707
13238
16328
18329
6282
7639
10346
11063
3360
6036
134
12887
11676
13063
6576
2472
3843
15067
181
11412
6926
11248
118
14777
1368
2144
3518
17122
12378
15065
6512
3596
17693
8802
6345
1391
9257
147
11996
7471
11171
19589
9309
3731
3370
9802
17540
4297
8884
12322
12893
15399
12534
7950
14697
14394
13899
12633
15992
11753
6390
7261
9407
9361
18520
8522
11622
17421
16102
12554
17335
3881
6705
9755
1547
9225
13700
16946
325
481
10785
9778
19476
10132
2573
19735
1988
4081
14532
16228
13043
10270
7207
1915
10258
10304
10982
19827
17409
15152
13727
8647
9731
13289
16217
3069
8122
1442
16689
18733
12506
8827
11614
13724
1777
18274
18776
8830
17344
6076
15608
19025
16101
18341
5962
2982
9736
1101
6756
2523
7201
19375
14925
2744
4268
19185
3837
12247
19208
813
10050
13658
17837
11264
1872
12752
6405
19862
15857
16076
11964
16773
11057
7888
10560
14658
12525
17910
10090
6434
11441
2554
15572
7369
979
3738
8469
7498
3042
3511
9115
17022
7388
8940
11482
16164
14626
2388
4360
19916
10904
17145
16368
8888
61
13265
30
3092
842
10133
4377
5798
15447
16914
8980
15148
9494
11854
19738
3567
12814
19466
1909
17565
5909
6646
7995
8178
9436
9351
3157
3108
2172
3405
5215
3262
5888
16737
3689
6349
18266
10390
19500
13386
18131
10835
19221
7474
1684
13925
6804
17750
4474
1656
535
18548
19327
18853
17874
17960
17507
696
2870
8062
16452
17524
9100
14850
15356
10201
13741
19518
525
511
303
19475
12928
9108
13235
6937
12760
5939
6616
17499
950
10415
11487
11655
13918
3651
2240
19340
9910
2325
1694
17469
18437
17369
14508
17303
10314
5103
2497
9222
7275
7407
554
17329
13041
6663
12429
18745
11582
6025
18838
3534
14457
7483
4285
6991
15557
10305
4713
17706
10756
3810
16213
8861
18676
1435
16279
7525
15402
12082
3979
10039
18459
9054
10894
9038
12815
5378
11681
19524
5471
9079
13875
15282
7867
10712
10688
5505
8943
13440
572
15940
6003
9369
12120
4920
19482
10071
6855
13920
5730
15581
2086
18043
16042
16380
5651
17705
12710
16895
18090
6367
16633
5587
3793
10500
17802
3176
12268
5111
6454
3467
16280
12678
1468
5306
5192
15792
432
6602
19094
10315
8247
9880
10537
1533
13475
17196
3258
6845
12822
3847
10704
11295
6196
2565
9064
14175
9554
8805
9279
2665
3236
12475
4903
9881
1231
14018
10715
6604
2628
6042
6915
9813
1418
8306
9543
12826
13368
16420
16344
9163
4669
5300
9925
3207
9673
11812
6519
18340
2038
18210
13004
9181
7440
7495
3237
19850
3140
12357
14664
10276
19157
19380
18360
11781
11019
4404
2187
3066
14692
17447
4720
2595
17906
10816
8278
2025
2165
17758
3704
3040
686
10341
1402
12258
12786
13443
3331
791
4338
15583
6092
10166
12045
10792
18352
13648
17809
3369
5420
5022
12499
11131
2812
2683
10177
15891
19620
7687
18060
16149
9659
3636
9117
14298
14142
19722
6239
5865
9707
15965
4604
15366
1049
15324
14543
3639
14849
19996
15627
422
15009
16352
9498
11211
19478
7870
10088
1997
8457
12690
8723
9688
18750
5626
38
15396
4918
4142
8623
11739
12795
13465
1354
15534
11810
14794
7942
16602
2895
11461
6215
16260
17249
15708
16551
14731
11885
17823
3373
13218
19342
12181
7173
19452
8979
9492
14661
8619
479
18404
7248
19855
11029
10116
1783
7531
16179
17486
3345
12099
6573
343
1030
10562
4347
6867
19702
10094
10073
7264
4717
6530
5722
11682
15585
6862
9610
16248
17946
8082
3824
3413
9591
7615
4654
4055
14433
4115
574
13493
5883
17939
16532
711
19950
11199
17332
16533
4935
5093
18993
5112
10619
14324
19519
14581
17348
16922
8353
4874
860
9174
13341
17492
17470
1638
363
2619
11259
5891
14102
7068
11006
12581
6667
3166
4223
9689
7344
12631
4167
154
17782
11044
13857
11766
11646
4536
2022
1404
3687
376
13181
6543
3544
1729
4623
9877
11612
5402
4870
4812
6472
3335
18452
16679
9677
5935
7686
18236
9031
2994
4357
4204
7441
8335
9323
18359
15754
18059
17689
17479
9151
7862
15719
11559
1562
9091
18944
12584
18123
17980
11121
3887
9641
11048
1941
15733
17374
4988
1111
12041
16528
14377
16511
15696
14294
17605
6401
19364
13763
6983
11873
19545
1708
17880
19122
13322
18075
13588
5818
14729
4816
2306
14446
19140
10544
16132
3728
16125
12242
16961
1868
15858
14364
8044
13161
771
7021
6693
10552
6642
14686
12053
2453
4902
18600
7389
8372
11652
17419
1927
16220
11292
10468
9233
5693
751
18779
13060
9121
6907
7629
5301
13213
14420
14403
18722
2913
954
14463
12620
10807
14705
17853
8058
13380
17184
18248
14016
9775
3696
602
15169
7129
17286
19447
14340
17118
10898
6031
19625
7542
1264
11946
17429
19428
6758
4779
11363
3747
8445
19096
19830
13694
18760
17762
16121
11256
8382
17391
10185
3664
19059
8368
18272
252
8466
11166
769
10569
11388
3775
5946
6912
14548
19536
3625
16229
2902
19273
13518
2222
11301
19863
4949
14666
17515
7946
10614
5200
15755
17189
10449
10095
5593
14000
16981
1855
3879
12653
17552
17359
2970
8507
5874
4751
1891
7541
17041
15326
12321
13239
1848
11627
7600
15767
16173
6768
12717
10326
8232
13991
17424
3383
9176
18362
15024
14904
10160
9032
13144
2653
102
18214
11762
6754
12476
17895
18419
6763
4581
18357
707
12843
10182
10228
7585
16993
10074
2569
424
7357
9364
3421
17102
18286
3553
15244
6857
19446
14839
611
11756
4342
916
8193
3048
15498
4373
6661
7078
1340
17279
6433
16262
11184
6995
17280
16861
16687
14129
10404
18156
2939
13921
7574
1793
1196
18306
1675
12579
12349
9044
13209
12936
1764
15467
18162
13365
13455
12345
3541
15290
1597
16722
9708
247
2090
2224
2168
7417
11223
16770
5611
18553
15758
14514
15744
9467
5041
15570
19264
12069
215
15019
14491
9109
7318
12234
6157
12570
8852
12347
13163
13081
13837
10324
13219
17129
1311
18106
17807
6632
6518
16942
7341
4378
7241
11374
17500
2676
7568
8485
19367
15958
17270
5771
11733
19257
4124
17052
3592
1685
8338
13970
17697
7552
1238
901
5869
17346
8367
16839
11708
8912
19644
5000
5092
489
2987
12301
1396
12192
14272
19973
6273
1691
12713
1555
7871
10918
8243
17529
12563
125
16604
6744
12961
3187
8682
12813
9076
930
7127
18182
15401
13232
5056
15349
15738
3637
16918
16379
3876
10585
8145
9275
338
13627
8938
6191
577
4465
8648
3317
15144
9882
4235
17459
12265
2391
258
6300
8350
4279
1871
1636
11262
19155
10123
9306
7247
18735
8127
10239
17230
6548
14714
12942
4355
4221
6873
16569
2176
3880
1274
9023
13924
4335
865
10439
16372
11096
12484
9123
2835
19686
14180
18978
18316
15334
5061
5667
2426
6124
13316
2232
5903
19471
9808
13114
15990
7916
15843
13133
13795
19697
6687
5633
9718
11115
1549
18116
3765
11187
11041
18100
427
8063
15589
19303
16800
5712
9287
12548
12513
4180
10541
16619
5153
9488
12547
737
7605
19179
10498
7903
1545
5836
16935
15825
17476
9943
12259
9696
6278
17091
7577
17584
635
2495
1824
16176
4936
11294
8042
5565
18957
2635
5533
11667
19797
4897
9572
11043
13077
1156
17950
3060
15406
15787
8962
14482
14470
19694
16692
3422
7018
16133
15729
1768
397
47
15213
6706
13684
19049
411
13757
11668
7365
8566
829
11740
11383
15783
2012
17317
9635
13805
3319
1896
18536
1434
11939
10374
157
11983
17887
2072
18844
11945
3501
3269
13205
9584
16362
6437
7120
8449
14318
14762
11298
2362
14881
12910
11835
9932
5051
10839
15969
6838
2827
4099
4522
18589
18127
15441
10007
4361
10232
5715
5175
5598
13337
14125
8644
6974
12739
9340
12922
16917
2677
6120
11574
9603
19374
14382
11662
152
7817
18740
14730
6201
173
1061
19489
1801
3361
16363
7005
9481
6193
8015
9632
8753
17776
97
2366
15219
14244
11413
15022
15819
8845
1790
11848
11784
17092
4882
11856
4009
2378
1085
17646
18813
1662
4794
3934
12219
11494
19426
13573
15922
14458
14892
17389
12379
18346
15405
18466
4930
1129
12762
1440
16016
4442
16361
13967
18727
13461
3989
11074
7453
15890
2903
3446
18151
15072
19630
8767
18929
17573
9761
7824
2356
7850
1338
12716
9244
8749
5578
3885
13112
12864
902
5468
955
16840
8124
5294
2745
14417
3406
8679
10947
17775
17023
8935
4798
6412
1112
9930
16880
4707
812
16987
16316
15379
7690
7332
14166
1546
1884
